[2, 1, 1, 1]
[2, 2, 1, 2]
[2, 3, 1, 3]
[2, 4, 1, 4]
[2, 3, 2, 1, 2]
[2, 4, 2, 1, 3]
[2, 5, 2, 1, 4]
[2, 5, 2, 2, 3]
[2, 6, 2, 2, 4]
[2, 7, 2, 3, 4]
[2, 6, 3, 1, 2, 3]
[2, 7, 3, 1, 2, 4]
[2, 8, 3, 1, 3, 4]
[2, 9, 3, 2, 3, 4]
[2, 10, 4, 1, 2, 3, 4]
[3, 1, 1, 1]
[3, 2, 1, 2]
[3, 3, 1, 3]
[3, 4, 1, 4]
[3, 5, 1, 5]
[3, 6, 1, 6]
[3, 7, 1, 7]
[3, 8, 1, 8]
[3, 9, 1, 9]
[3, 3, 2, 1, 2]
[3, 4, 2, 1, 3]
[3, 5, 2, 1, 4]
[3, 5, 2, 2, 3]
[3, 6, 2, 1, 5]
[3, 6, 2, 2, 4]
[3, 7, 2, 1, 6]
[3, 7, 2, 2, 5]
[3, 7, 2, 3, 4]
[3, 8, 2, 1, 7]
[3, 8, 2, 2, 6]
[3, 8, 2, 3, 5]
[3, 9, 2, 1, 8]
[3, 9, 2, 2, 7]
[3, 9, 2, 3, 6]
[3, 9, 2, 4, 5]
[3, 10, 2, 1, 9]
[3, 10, 2, 2, 8]
[3, 10, 2, 3, 7]
[3, 10, 2, 4, 6]
[3, 11, 2, 2, 9]
[3, 11, 2, 3, 8]
[3, 11, 2, 4, 7]
[3, 11, 2, 5, 6]
[3, 12, 2, 3, 9]
[3, 12, 2, 4, 8]
[3, 12, 2, 5, 7]
[3, 13, 2, 4, 9]
[3, 13, 2, 5, 8]
[3, 13, 2, 6, 7]
[3, 14, 2, 5, 9]
[3, 14, 2, 6, 8]
[3, 15, 2, 6, 9]
[3, 15, 2, 7, 8]
[3, 16, 2, 7, 9]
[3, 17, 2, 8, 9]
[3, 6, 3, 1, 2, 3]
[3, 7, 3, 1, 2, 4]
[3, 8, 3, 1, 2, 5]
[3, 8, 3, 1, 3, 4]
[3, 9, 3, 1, 2, 6]
[3, 9, 3, 1, 3, 5]
[3, 9, 3, 2, 3, 4]
[3, 10, 3, 1, 2, 7]
[3, 10, 3, 1, 3, 6]
[3, 10, 3, 1, 4, 5]
[3, 10, 3, 2, 3, 5]
[3, 11, 3, 1, 2, 8]
[3, 11, 3, 1, 3, 7]
[3, 11, 3, 1, 4, 6]
[3, 11, 3, 2, 3, 6]
[3, 11, 3, 2, 4, 5]
[3, 12, 3, 1, 2, 9]
[3, 12, 3, 1, 3, 8]
[3, 12, 3, 1, 4, 7]
[3, 12, 3, 1, 5, 6]
[3, 12, 3, 2, 3, 7]
[3, 12, 3, 2, 4, 6]
[3, 12, 3, 3, 4, 5]
[3, 13, 3, 1, 3, 9]
[3, 13, 3, 1, 4, 8]
[3, 13, 3, 1, 5, 7]
[3, 13, 3, 2, 3, 8]
[3, 13, 3, 2, 4, 7]
[3, 13, 3, 2, 5, 6]
[3, 13, 3, 3, 4, 6]
[3, 14, 3, 1, 4, 9]
[3, 14, 3, 1, 5, 8]
[3, 14, 3, 1, 6, 7]
[3, 14, 3, 2, 3, 9]
[3, 14, 3, 2, 4, 8]
[3, 14, 3, 2, 5, 7]
[3, 14, 3, 3, 4, 7]
[3, 14, 3, 3, 5, 6]
[3, 15, 3, 1, 5, 9]
[3, 15, 3, 1, 6, 8]
[3, 15, 3, 2, 4, 9]
[3, 15, 3, 2, 5, 8]
[3, 15, 3, 2, 6, 7]
[3, 15, 3, 3, 4, 8]
[3, 15, 3, 3, 5, 7]
[3, 15, 3, 4, 5, 6]
[3, 16, 3, 1, 6, 9]
[3, 16, 3, 1, 7, 8]
[3, 16, 3, 2, 5, 9]
[3, 16, 3, 2, 6, 8]
[3, 16, 3, 3, 4, 9]
[3, 16, 3, 3, 5, 8]
[3, 16, 3, 3, 6, 7]
[3, 16, 3, 4, 5, 7]
[3, 17, 3, 1, 7, 9]
[3, 17, 3, 2, 6, 9]
[3, 17, 3, 2, 7, 8]
[3, 17, 3, 3, 5, 9]
[3, 17, 3, 3, 6, 8]
[3, 17, 3, 4, 5, 8]
[3, 17, 3, 4, 6, 7]
[3, 18, 3, 1, 8, 9]
[3, 18, 3, 2, 7, 9]
[3, 18, 3, 3, 6, 9]
[3, 18, 3, 3, 7, 8]
[3, 18, 3, 4, 5, 9]
[3, 18, 3, 4, 6, 8]
[3, 18, 3, 5, 6, 7]
[3, 19, 3, 2, 8, 9]
[3, 19, 3, 3, 7, 9]
[3, 19, 3, 4, 6, 9]
[3, 19, 3, 4, 7, 8]
[3, 19, 3, 5, 6, 8]
[3, 20, 3, 3, 8, 9]
[3, 20, 3, 4, 7, 9]
[3, 20, 3, 5, 6, 9]
[3, 20, 3, 5, 7, 8]
[3, 21, 3, 4, 8, 9]
[3, 21, 3, 5, 7, 9]
[3, 21, 3, 6, 7, 8]
[3, 22, 3, 5, 8, 9]
[3, 22, 3, 6, 7, 9]
[3, 23, 3, 6, 8, 9]
[3, 24, 3, 7, 8, 9]
[3, 10, 4, 1, 2, 3, 4]
[3, 11, 4, 1, 2, 3, 5]
[3, 12, 4, 1, 2, 3, 6]
[3, 12, 4, 1, 2, 4, 5]
[3, 13, 4, 1, 2, 3, 7]
[3, 13, 4, 1, 2, 4, 6]
[3, 13, 4, 1, 3, 4, 5]
[3, 14, 4, 1, 2, 3, 8]
[3, 14, 4, 1, 2, 4, 7]
[3, 14, 4, 1, 2, 5, 6]
[3, 14, 4, 1, 3, 4, 6]
[3, 14, 4, 2, 3, 4, 5]
[3, 15, 4, 1, 2, 3, 9]
[3, 15, 4, 1, 2, 4, 8]
[3, 15, 4, 1, 2, 5, 7]
[3, 15, 4, 1, 3, 4, 7]
[3, 15, 4, 1, 3, 5, 6]
[3, 15, 4, 2, 3, 4, 6]
[3, 16, 4, 1, 2, 4, 9]
[3, 16, 4, 1, 2, 5, 8]
[3, 16, 4, 1, 2, 6, 7]
[3, 16, 4, 1, 3, 4, 8]
[3, 16, 4, 1, 3, 5, 7]
[3, 16, 4, 1, 4, 5, 6]
[3, 16, 4, 2, 3, 4, 7]
[3, 16, 4, 2, 3, 5, 6]
[3, 17, 4, 1, 2, 5, 9]
[3, 17, 4, 1, 2, 6, 8]
[3, 17, 4, 1, 3, 4, 9]
[3, 17, 4, 1, 3, 5, 8]
[3, 17, 4, 1, 3, 6, 7]
[3, 17, 4, 1, 4, 5, 7]
[3, 17, 4, 2, 3, 4, 8]
[3, 17, 4, 2, 3, 5, 7]
[3, 17, 4, 2, 4, 5, 6]
[3, 18, 4, 1, 2, 6, 9]
[3, 18, 4, 1, 2, 7, 8]
[3, 18, 4, 1, 3, 5, 9]
[3, 18, 4, 1, 3, 6, 8]
[3, 18, 4, 1, 4, 5, 8]
[3, 18, 4, 1, 4, 6, 7]
[3, 18, 4, 2, 3, 4, 9]
[3, 18, 4, 2, 3, 5, 8]
[3, 18, 4, 2, 3, 6, 7]
[3, 18, 4, 2, 4, 5, 7]
[3, 18, 4, 3, 4, 5, 6]
[3, 19, 4, 1, 2, 7, 9]
[3, 19, 4, 1, 3, 6, 9]
[3, 19, 4, 1, 3, 7, 8]
[3, 19, 4, 1, 4, 5, 9]
[3, 19, 4, 1, 4, 6, 8]
[3, 19, 4, 1, 5, 6, 7]
[3, 19, 4, 2, 3, 5, 9]
[3, 19, 4, 2, 3, 6, 8]
[3, 19, 4, 2, 4, 5, 8]
[3, 19, 4, 2, 4, 6, 7]
[3, 19, 4, 3, 4, 5, 7]
[3, 20, 4, 1, 2, 8, 9]
[3, 20, 4, 1, 3, 7, 9]
[3, 20, 4, 1, 4, 6, 9]
[3, 20, 4, 1, 4, 7, 8]
[3, 20, 4, 1, 5, 6, 8]
[3, 20, 4, 2, 3, 6, 9]
[3, 20, 4, 2, 3, 7, 8]
[3, 20, 4, 2, 4, 5, 9]
[3, 20, 4, 2, 4, 6, 8]
[3, 20, 4, 2, 5, 6, 7]
[3, 20, 4, 3, 4, 5, 8]
[3, 20, 4, 3, 4, 6, 7]
[3, 21, 4, 1, 3, 8, 9]
[3, 21, 4, 1, 4, 7, 9]
[3, 21, 4, 1, 5, 6, 9]
[3, 21, 4, 1, 5, 7, 8]
[3, 21, 4, 2, 3, 7, 9]
[3, 21, 4, 2, 4, 6, 9]
[3, 21, 4, 2, 4, 7, 8]
[3, 21, 4, 2, 5, 6, 8]
[3, 21, 4, 3, 4, 5, 9]
[3, 21, 4, 3, 4, 6, 8]
[3, 21, 4, 3, 5, 6, 7]
[3, 22, 4, 1, 4, 8, 9]
[3, 22, 4, 1, 5, 7, 9]
[3, 22, 4, 1, 6, 7, 8]
[3, 22, 4, 2, 3, 8, 9]
[3, 22, 4, 2, 4, 7, 9]
[3, 22, 4, 2, 5, 6, 9]
[3, 22, 4, 2, 5, 7, 8]
[3, 22, 4, 3, 4, 6, 9]
[3, 22, 4, 3, 4, 7, 8]
[3, 22, 4, 3, 5, 6, 8]
[3, 22, 4, 4, 5, 6, 7]
[3, 23, 4, 1, 5, 8, 9]
[3, 23, 4, 1, 6, 7, 9]
[3, 23, 4, 2, 4, 8, 9]
[3, 23, 4, 2, 5, 7, 9]
[3, 23, 4, 2, 6, 7, 8]
[3, 23, 4, 3, 4, 7, 9]
[3, 23, 4, 3, 5, 6, 9]
[3, 23, 4, 3, 5, 7, 8]
[3, 23, 4, 4, 5, 6, 8]
[3, 24, 4, 1, 6, 8, 9]
[3, 24, 4, 2, 5, 8, 9]
[3, 24, 4, 2, 6, 7, 9]
[3, 24, 4, 3, 4, 8, 9]
[3, 24, 4, 3, 5, 7, 9]
[3, 24, 4, 3, 6, 7, 8]
[3, 24, 4, 4, 5, 6, 9]
[3, 24, 4, 4, 5, 7, 8]
[3, 25, 4, 1, 7, 8, 9]
[3, 25, 4, 2, 6, 8, 9]
[3, 25, 4, 3, 5, 8, 9]
[3, 25, 4, 3, 6, 7, 9]
[3, 25, 4, 4, 5, 7, 9]
[3, 25, 4, 4, 6, 7, 8]
[3, 26, 4, 2, 7, 8, 9]
[3, 26, 4, 3, 6, 8, 9]
[3, 26, 4, 4, 5, 8, 9]
[3, 26, 4, 4, 6, 7, 9]
[3, 26, 4, 5, 6, 7, 8]
[3, 27, 4, 3, 7, 8, 9]
[3, 27, 4, 4, 6, 8, 9]
[3, 27, 4, 5, 6, 7, 9]
[3, 28, 4, 4, 7, 8, 9]
[3, 28, 4, 5, 6, 8, 9]
[3, 29, 4, 5, 7, 8, 9]
[3, 30, 4, 6, 7, 8, 9]
[3, 15, 5, 1, 2, 3, 4, 5]
[3, 16, 5, 1, 2, 3, 4, 6]
[3, 17, 5, 1, 2, 3, 4, 7]
[3, 17, 5, 1, 2, 3, 5, 6]
[3, 18, 5, 1, 2, 3, 4, 8]
[3, 18, 5, 1, 2, 3, 5, 7]
[3, 18, 5, 1, 2, 4, 5, 6]
[3, 19, 5, 1, 2, 3, 4, 9]
[3, 19, 5, 1, 2, 3, 5, 8]
[3, 19, 5, 1, 2, 3, 6, 7]
[3, 19, 5, 1, 2, 4, 5, 7]
[3, 19, 5, 1, 3, 4, 5, 6]
[3, 20, 5, 1, 2, 3, 5, 9]
[3, 20, 5, 1, 2, 3, 6, 8]
[3, 20, 5, 1, 2, 4, 5, 8]
[3, 20, 5, 1, 2, 4, 6, 7]
[3, 20, 5, 1, 3, 4, 5, 7]
[3, 20, 5, 2, 3, 4, 5, 6]
[3, 21, 5, 1, 2, 3, 6, 9]
[3, 21, 5, 1, 2, 3, 7, 8]
[3, 21, 5, 1, 2, 4, 5, 9]
[3, 21, 5, 1, 2, 4, 6, 8]
[3, 21, 5, 1, 2, 5, 6, 7]
[3, 21, 5, 1, 3, 4, 5, 8]
[3, 21, 5, 1, 3, 4, 6, 7]
[3, 21, 5, 2, 3, 4, 5, 7]
[3, 22, 5, 1, 2, 3, 7, 9]
[3, 22, 5, 1, 2, 4, 6, 9]
[3, 22, 5, 1, 2, 4, 7, 8]
[3, 22, 5, 1, 2, 5, 6, 8]
[3, 22, 5, 1, 3, 4, 5, 9]
[3, 22, 5, 1, 3, 4, 6, 8]
[3, 22, 5, 1, 3, 5, 6, 7]
[3, 22, 5, 2, 3, 4, 5, 8]
[3, 22, 5, 2, 3, 4, 6, 7]
[3, 23, 5, 1, 2, 3, 8, 9]
[3, 23, 5, 1, 2, 4, 7, 9]
[3, 23, 5, 1, 2, 5, 6, 9]
[3, 23, 5, 1, 2, 5, 7, 8]
[3, 23, 5, 1, 3, 4, 6, 9]
[3, 23, 5, 1, 3, 4, 7, 8]
[3, 23, 5, 1, 3, 5, 6, 8]
[3, 23, 5, 1, 4, 5, 6, 7]
[3, 23, 5, 2, 3, 4, 5, 9]
[3, 23, 5, 2, 3, 4, 6, 8]
[3, 23, 5, 2, 3, 5, 6, 7]
[3, 24, 5, 1, 2, 4, 8, 9]
[3, 24, 5, 1, 2, 5, 7, 9]
[3, 24, 5, 1, 2, 6, 7, 8]
[3, 24, 5, 1, 3, 4, 7, 9]
[3, 24, 5, 1, 3, 5, 6, 9]
[3, 24, 5, 1, 3, 5, 7, 8]
[3, 24, 5, 1, 4, 5, 6, 8]
[3, 24, 5, 2, 3, 4, 6, 9]
[3, 24, 5, 2, 3, 4, 7, 8]
[3, 24, 5, 2, 3, 5, 6, 8]
[3, 24, 5, 2, 4, 5, 6, 7]
[3, 25, 5, 1, 2, 5, 8, 9]
[3, 25, 5, 1, 2, 6, 7, 9]
[3, 25, 5, 1, 3, 4, 8, 9]
[3, 25, 5, 1, 3, 5, 7, 9]
[3, 25, 5, 1, 3, 6, 7, 8]
[3, 25, 5, 1, 4, 5, 6, 9]
[3, 25, 5, 1, 4, 5, 7, 8]
[3, 25, 5, 2, 3, 4, 7, 9]
[3, 25, 5, 2, 3, 5, 6, 9]
[3, 25, 5, 2, 3, 5, 7, 8]
[3, 25, 5, 2, 4, 5, 6, 8]
[3, 25, 5, 3, 4, 5, 6, 7]
[3, 26, 5, 1, 2, 6, 8, 9]
[3, 26, 5, 1, 3, 5, 8, 9]
[3, 26, 5, 1, 3, 6, 7, 9]
[3, 26, 5, 1, 4, 5, 7, 9]
[3, 26, 5, 1, 4, 6, 7, 8]
[3, 26, 5, 2, 3, 4, 8, 9]
[3, 26, 5, 2, 3, 5, 7, 9]
[3, 26, 5, 2, 3, 6, 7, 8]
[3, 26, 5, 2, 4, 5, 6, 9]
[3, 26, 5, 2, 4, 5, 7, 8]
[3, 26, 5, 3, 4, 5, 6, 8]
[3, 27, 5, 1, 2, 7, 8, 9]
[3, 27, 5, 1, 3, 6, 8, 9]
[3, 27, 5, 1, 4, 5, 8, 9]
[3, 27, 5, 1, 4, 6, 7, 9]
[3, 27, 5, 1, 5, 6, 7, 8]
[3, 27, 5, 2, 3, 5, 8, 9]
[3, 27, 5, 2, 3, 6, 7, 9]
[3, 27, 5, 2, 4, 5, 7, 9]
[3, 27, 5, 2, 4, 6, 7, 8]
[3, 27, 5, 3, 4, 5, 6, 9]
[3, 27, 5, 3, 4, 5, 7, 8]
[3, 28, 5, 1, 3, 7, 8, 9]
[3, 28, 5, 1, 4, 6, 8, 9]
[3, 28, 5, 1, 5, 6, 7, 9]
[3, 28, 5, 2, 3, 6, 8, 9]
[3, 28, 5, 2, 4, 5, 8, 9]
[3, 28, 5, 2, 4, 6, 7, 9]
[3, 28, 5, 2, 5, 6, 7, 8]
[3, 28, 5, 3, 4, 5, 7, 9]
[3, 28, 5, 3, 4, 6, 7, 8]
[3, 29, 5, 1, 4, 7, 8, 9]
[3, 29, 5, 1, 5, 6, 8, 9]
[3, 29, 5, 2, 3, 7, 8, 9]
[3, 29, 5, 2, 4, 6, 8, 9]
[3, 29, 5, 2, 5, 6, 7, 9]
[3, 29, 5, 3, 4, 5, 8, 9]
[3, 29, 5, 3, 4, 6, 7, 9]
[3, 29, 5, 3, 5, 6, 7, 8]
[3, 30, 5, 1, 5, 7, 8, 9]
[3, 30, 5, 2, 4, 7, 8, 9]
[3, 30, 5, 2, 5, 6, 8, 9]
[3, 30, 5, 3, 4, 6, 8, 9]
[3, 30, 5, 3, 5, 6, 7, 9]
[3, 30, 5, 4, 5, 6, 7, 8]
[3, 31, 5, 1, 6, 7, 8, 9]
[3, 31, 5, 2, 5, 7, 8, 9]
[3, 31, 5, 3, 4, 7, 8, 9]
[3, 31, 5, 3, 5, 6, 8, 9]
[3, 31, 5, 4, 5, 6, 7, 9]
[3, 32, 5, 2, 6, 7, 8, 9]
[3, 32, 5, 3, 5, 7, 8, 9]
[3, 32, 5, 4, 5, 6, 8, 9]
[3, 33, 5, 3, 6, 7, 8, 9]
[3, 33, 5, 4, 5, 7, 8, 9]
[3, 34, 5, 4, 6, 7, 8, 9]
[3, 35, 5, 5, 6, 7, 8, 9]
[3, 21, 6, 1, 2, 3, 4, 5, 6]
[3, 22, 6, 1, 2, 3, 4, 5, 7]
[3, 23, 6, 1, 2, 3, 4, 5, 8]
[3, 23, 6, 1, 2, 3, 4, 6, 7]
[3, 24, 6, 1, 2, 3, 4, 5, 9]
[3, 24, 6, 1, 2, 3, 4, 6, 8]
[3, 24, 6, 1, 2, 3, 5, 6, 7]
[3, 25, 6, 1, 2, 3, 4, 6, 9]
[3, 25, 6, 1, 2, 3, 4, 7, 8]
[3, 25, 6, 1, 2, 3, 5, 6, 8]
[3, 25, 6, 1, 2, 4, 5, 6, 7]
[3, 26, 6, 1, 2, 3, 4, 7, 9]
[3, 26, 6, 1, 2, 3, 5, 6, 9]
[3, 26, 6, 1, 2, 3, 5, 7, 8]
[3, 26, 6, 1, 2, 4, 5, 6, 8]
[3, 26, 6, 1, 3, 4, 5, 6, 7]
[3, 27, 6, 1, 2, 3, 4, 8, 9]
[3, 27, 6, 1, 2, 3, 5, 7, 9]
[3, 27, 6, 1, 2, 3, 6, 7, 8]
[3, 27, 6, 1, 2, 4, 5, 6, 9]
[3, 27, 6, 1, 2, 4, 5, 7, 8]
[3, 27, 6, 1, 3, 4, 5, 6, 8]
[3, 27, 6, 2, 3, 4, 5, 6, 7]
[3, 28, 6, 1, 2, 3, 5, 8, 9]
[3, 28, 6, 1, 2, 3, 6, 7, 9]
[3, 28, 6, 1, 2, 4, 5, 7, 9]
[3, 28, 6, 1, 2, 4, 6, 7, 8]
[3, 28, 6, 1, 3, 4, 5, 6, 9]
[3, 28, 6, 1, 3, 4, 5, 7, 8]
[3, 28, 6, 2, 3, 4, 5, 6, 8]
[3, 29, 6, 1, 2, 3, 6, 8, 9]
[3, 29, 6, 1, 2, 4, 5, 8, 9]
[3, 29, 6, 1, 2, 4, 6, 7, 9]
[3, 29, 6, 1, 2, 5, 6, 7, 8]
[3, 29, 6, 1, 3, 4, 5, 7, 9]
[3, 29, 6, 1, 3, 4, 6, 7, 8]
[3, 29, 6, 2, 3, 4, 5, 6, 9]
[3, 29, 6, 2, 3, 4, 5, 7, 8]
[3, 30, 6, 1, 2, 3, 7, 8, 9]
[3, 30, 6, 1, 2, 4, 6, 8, 9]
[3, 30, 6, 1, 2, 5, 6, 7, 9]
[3, 30, 6, 1, 3, 4, 5, 8, 9]
[3, 30, 6, 1, 3, 4, 6, 7, 9]
[3, 30, 6, 1, 3, 5, 6, 7, 8]
[3, 30, 6, 2, 3, 4, 5, 7, 9]
[3, 30, 6, 2, 3, 4, 6, 7, 8]
[3, 31, 6, 1, 2, 4, 7, 8, 9]
[3, 31, 6, 1, 2, 5, 6, 8, 9]
[3, 31, 6, 1, 3, 4, 6, 8, 9]
[3, 31, 6, 1, 3, 5, 6, 7, 9]
[3, 31, 6, 1, 4, 5, 6, 7, 8]
[3, 31, 6, 2, 3, 4, 5, 8, 9]
[3, 31, 6, 2, 3, 4, 6, 7, 9]
[3, 31, 6, 2, 3, 5, 6, 7, 8]
[3, 32, 6, 1, 2, 5, 7, 8, 9]
[3, 32, 6, 1, 3, 4, 7, 8, 9]
[3, 32, 6, 1, 3, 5, 6, 8, 9]
[3, 32, 6, 1, 4, 5, 6, 7, 9]
[3, 32, 6, 2, 3, 4, 6, 8, 9]
[3, 32, 6, 2, 3, 5, 6, 7, 9]
[3, 32, 6, 2, 4, 5, 6, 7, 8]
[3, 33, 6, 1, 2, 6, 7, 8, 9]
[3, 33, 6, 1, 3, 5, 7, 8, 9]
[3, 33, 6, 1, 4, 5, 6, 8, 9]
[3, 33, 6, 2, 3, 4, 7, 8, 9]
[3, 33, 6, 2, 3, 5, 6, 8, 9]
[3, 33, 6, 2, 4, 5, 6, 7, 9]
[3, 33, 6, 3, 4, 5, 6, 7, 8]
[3, 34, 6, 1, 3, 6, 7, 8, 9]
[3, 34, 6, 1, 4, 5, 7, 8, 9]
[3, 34, 6, 2, 3, 5, 7, 8, 9]
[3, 34, 6, 2, 4, 5, 6, 8, 9]
[3, 34, 6, 3, 4, 5, 6, 7, 9]
[3, 35, 6, 1, 4, 6, 7, 8, 9]
[3, 35, 6, 2, 3, 6, 7, 8, 9]
[3, 35, 6, 2, 4, 5, 7, 8, 9]
[3, 35, 6, 3, 4, 5, 6, 8, 9]
[3, 36, 6, 1, 5, 6, 7, 8, 9]
[3, 36, 6, 2, 4, 6, 7, 8, 9]
[3, 36, 6, 3, 4, 5, 7, 8, 9]
[3, 37, 6, 2, 5, 6, 7, 8, 9]
[3, 37, 6, 3, 4, 6, 7, 8, 9]
[3, 38, 6, 3, 5, 6, 7, 8, 9]
[3, 39, 6, 4, 5, 6, 7, 8, 9]
[3, 28, 7, 1, 2, 3, 4, 5, 6, 7]
[3, 29, 7, 1, 2, 3, 4, 5, 6, 8]
[3, 30, 7, 1, 2, 3, 4, 5, 6, 9]
[3, 30, 7, 1, 2, 3, 4, 5, 7, 8]
[3, 31, 7, 1, 2, 3, 4, 5, 7, 9]
[3, 31, 7, 1, 2, 3, 4, 6, 7, 8]
[3, 32, 7, 1, 2, 3, 4, 5, 8, 9]
[3, 32, 7, 1, 2, 3, 4, 6, 7, 9]
[3, 32, 7, 1, 2, 3, 5, 6, 7, 8]
[3, 33, 7, 1, 2, 3, 4, 6, 8, 9]
[3, 33, 7, 1, 2, 3, 5, 6, 7, 9]
[3, 33, 7, 1, 2, 4, 5, 6, 7, 8]
[3, 34, 7, 1, 2, 3, 4, 7, 8, 9]
[3, 34, 7, 1, 2, 3, 5, 6, 8, 9]
[3, 34, 7, 1, 2, 4, 5, 6, 7, 9]
[3, 34, 7, 1, 3, 4, 5, 6, 7, 8]
[3, 35, 7, 1, 2, 3, 5, 7, 8, 9]
[3, 35, 7, 1, 2, 4, 5, 6, 8, 9]
[3, 35, 7, 1, 3, 4, 5, 6, 7, 9]
[3, 35, 7, 2, 3, 4, 5, 6, 7, 8]
[3, 36, 7, 1, 2, 3, 6, 7, 8, 9]
[3, 36, 7, 1, 2, 4, 5, 7, 8, 9]
[3, 36, 7, 1, 3, 4, 5, 6, 8, 9]
[3, 36, 7, 2, 3, 4, 5, 6, 7, 9]
[3, 37, 7, 1, 2, 4, 6, 7, 8, 9]
[3, 37, 7, 1, 3, 4, 5, 7, 8, 9]
[3, 37, 7, 2, 3, 4, 5, 6, 8, 9]
[3, 38, 7, 1, 2, 5, 6, 7, 8, 9]
[3, 38, 7, 1, 3, 4, 6, 7, 8, 9]
[3, 38, 7, 2, 3, 4, 5, 7, 8, 9]
[3, 39, 7, 1, 3, 5, 6, 7, 8, 9]
[3, 39, 7, 2, 3, 4, 6, 7, 8, 9]
[3, 40, 7, 1, 4, 5, 6, 7, 8, 9]
[3, 40, 7, 2, 3, 5, 6, 7, 8, 9]
[3, 41, 7, 2, 4, 5, 6, 7, 8, 9]
[3, 42, 7, 3, 4, 5, 6, 7, 8, 9]
[3, 36, 8, 1, 2, 3, 4, 5, 6, 7, 8]
[3, 37, 8, 1, 2, 3, 4, 5, 6, 7, 9]
[3, 38, 8, 1, 2, 3, 4, 5, 6, 8, 9]
[3, 39, 8, 1, 2, 3, 4, 5, 7, 8, 9]
[3, 40, 8, 1, 2, 3, 4, 6, 7, 8, 9]
[3, 41, 8, 1, 2, 3, 5, 6, 7, 8, 9]
[3, 42, 8, 1, 2, 4, 5, 6, 7, 8, 9]
[3, 43, 8, 1, 3, 4, 5, 6, 7, 8, 9]
[3, 44, 8, 2, 3, 4, 5, 6, 7, 8, 9]
[3, 45, 9, 1, 2, 3, 4, 5, 6, 7, 8, 9]
